{
 "cells": [
  {
   "attachments": {},
   "cell_type": "markdown",
   "metadata": {},
   "source": [
    "# London Passenger Mode Choice"
   ]
  },
  {
   "cell_type": "code",
   "execution_count": 1,
   "metadata": {},
   "outputs": [
    {
     "name": "stderr",
     "output_type": "stream",
     "text": [
      "13:05:12 [INFO] n_train_samples:3986 n_valid_samples:997\n",
      "13:05:13 [WARNING] s_time not in any utility functions\n",
      "13:05:13 [WARNING] b_car_own not in any utility functions\n",
      "13:05:13 [INFO] choice: travel_mode\n",
      "13:05:13 [INFO] inputs in MNL: [purpose, driving_license, dur_walking, dur_cycling, dur_pt_rail, dur_pt_bus, dur_pt_int, dur_driving, cost_transit, cost_driving_fuel, cost_driving_ccharge]\n",
      "13:05:14 [INFO] Build time = 00:00:00\n"
     ]
    }
   ],
   "source": [
    "import os, sys\n",
    "sys.path.insert(0, os.path.abspath(\"..\"))\n",
    "\n",
    "#import packages\n",
    "import pandas as pd\n",
    "from pycmtensor.dataset import Dataset\n",
    "from pycmtensor.expressions import Beta, RandomDraws\n",
    "from pycmtensor.models import MNL\n",
    "\n",
    "lpmc = pd.read_csv(\"../data/lpmc.dat\", sep=\"\\t\")\n",
    "lpmc = lpmc[lpmc[\"travel_year\"]==2015]\n",
    "ds = Dataset(df=lpmc, choice=\"travel_mode\")\n",
    "ds.split(0.8)\n",
    "\n",
    "# Beta parameters\n",
    "asc_walk = Beta(\"asc_walk\", 0.0, None, None, 1)\n",
    "asc_cycle = Beta(\"asc_cycle\", 0.0, None, None, 0)\n",
    "asc_pt = Beta(\"asc_pt\", 0.0, None, None, 0)\n",
    "asc_drive = Beta(\"asc_drive\", 0.0, None, None, 0)\n",
    "b_cost = Beta(\"b_cost\", 0.0, None, None, 0)\n",
    "b_time = Beta(\"b_time\", 0.0, None, None, 0)\n",
    "s_time = Beta(\"s_time\", 0.5, None, None, 0)\n",
    "b_purpose = Beta(\"b_purpose\", 0.0, None, None, 0)\n",
    "b_licence = Beta(\"b_licence\", 0.0, None, None, 0)\n",
    "b_car_own = Beta(\"b_car_own\", 0.0, None, None, 0)\n",
    "\n",
    "rnd_time = RandomDraws('rnd_time', 'lognormal', 100)\n",
    "\n",
    "U_walk = asc_walk + b_time * ds[\"dur_walking\"] # + rnd_time(s_time) * db[\"dur_walking\"]\n",
    "U_cycle = asc_cycle + b_time * ds[\"dur_cycling\"] \n",
    "U_pt = asc_pt + b_time * (ds[\"dur_pt_rail\"] + ds[\"dur_pt_bus\"] + ds[\"dur_pt_int\"]) + b_cost * ds[\"cost_transit\"]\n",
    "U_drive = asc_drive + b_time * ds[\"dur_driving\"] + b_licence * ds[\"driving_license\"] + b_cost * (ds[\"cost_driving_fuel\"] + ds[\"cost_driving_ccharge\"])  + b_purpose * ds[\"purpose\"]\n",
    "\n",
    "U = [U_walk, U_cycle, U_pt, U_drive]\n",
    "mymodel = MNL(ds, locals(), U)"
   ]
  },
  {
   "cell_type": "code",
   "execution_count": 2,
   "metadata": {},
   "outputs": [
    {
     "name": "stderr",
     "output_type": "stream",
     "text": [
      "13:05:16 [INFO] Start (n=3986, epoch=0, LL=-5525.77, error=81.85%)\n",
      "13:05:16 [INFO] Train (epoch=0, LL=-12606.28, error=52.66%, gnorm=2.64575e+00, 0/2000)\n",
      "13:05:16 [INFO] Train (epoch=9, LL=-5108.05, error=48.35%, gnorm=6.78318e-01, 9/500)\n",
      "13:05:16 [INFO] Train (epoch=12, LL=-4248.49, error=54.56%, gnorm=5.74250e-01, 12/500)\n",
      "13:05:16 [INFO] Train (epoch=16, LL=-3696.61, error=40.02%, gnorm=4.86758e-01, 16/500)\n",
      "13:05:16 [INFO] Train (epoch=43, LL=-3487.49, error=36.21%, gnorm=8.25816e-02, 43/500)\n",
      "13:05:16 [INFO] Train (epoch=50, LL=-3446.44, error=35.51%, gnorm=1.03803e-01, 50/500)\n",
      "13:05:16 [INFO] Train (epoch=83, LL=-3416.03, error=35.31%, gnorm=1.73152e-02, 83/500)\n",
      "13:05:16 [INFO] Train (epoch=100, LL=-3415.05, error=35.31%, gnorm=9.89455e-03, 100/500)\n",
      "13:05:16 [INFO] Train (epoch=122, LL=-3414.89, error=35.31%, gnorm=1.32773e-03, 122/500)\n",
      "13:05:16 [INFO] Train (epoch=149, LL=-3414.86, error=35.41%, gnorm=9.41531e-04, 149/500)\n",
      "13:05:16 [INFO] Model converged (t=0.393)\n",
      "13:05:31 [INFO] Best results obtained at epoch 149: LL=-3414.86, error=35.41%, gnorm=9.41531e-04\n"
     ]
    }
   ],
   "source": [
    "from pycmtensor.models import train\n",
    "from pycmtensor.optimizers import SGD, Adam, AdaGrad, SQNBFGS, RMSProp\n",
    "from pycmtensor.scheduler import StepLR, ConstantLR\n",
    "\n",
    "mymodel.reset_values()\n",
    "train(mymodel, ds, optimizer=Adam, batch_size=0, base_learning_rate=1., convergence_threshold=0.001, max_steps=2000, lr_scheduler=ConstantLR, lr_stepLR_drop_every=20, lr_stepLR_factor=0.99, BFGS_warmup=30)"
   ]
  },
  {
   "cell_type": "code",
   "execution_count": 3,
   "metadata": {},
   "outputs": [
    {
     "name": "stdout",
     "output_type": "stream",
     "text": [
      "              value   std err     t-test p-value rob. std err rob. t-test rob. p-value\n",
      "asc_cycle -3.965836  0.081987 -48.371642     0.0     0.081858  -48.448031          0.0\n",
      "asc_drive -2.968539   0.09233 -32.151441     0.0     0.094376  -31.454401          0.0\n",
      "asc_pt    -1.385955  0.046645 -29.712946     0.0     0.049325   -28.09834          0.0\n",
      "asc_walk        0.0         -          -       -            -           -            -\n",
      "b_cost    -0.140486  0.012858 -10.925681     0.0     0.012273  -11.447003          0.0\n",
      "b_licence  1.466081  0.080672  18.173272     0.0     0.085777   17.091847          0.0\n",
      "b_purpose  0.292338  0.031839   9.181699     0.0     0.032477    9.001514          0.0\n",
      "b_time    -4.988857  0.182257   -27.3726     0.0      0.19564  -25.500233          0.0\n",
      "                                         value\n",
      "Number of training samples used         3986.0\n",
      "Number of validation samples used        997.0\n",
      "Null. log likelihood              -5525.769323\n",
      "Final log likelihood               -3414.86417\n",
      "Accuracy                                64.59%\n",
      "Likelihood ratio test              4221.810306\n",
      "Rho square                            0.382011\n",
      "Rho square bar                        0.380563\n",
      "Akaike Information Criterion       6845.728341\n",
      "Bayesian Information Criterion     6896.052689\n",
      "Final gradient norm                9.41531e-04\n",
      "                           value\n",
      "Seed                         100\n",
      "Model build time        00:00:00\n",
      "Model train time        00:00:00\n",
      "epochs per sec    381.68 epoch/s\n"
     ]
    }
   ],
   "source": [
    "pd.options.display.width = 99\n",
    "print(mymodel.results.beta_statistics())\n",
    "print(mymodel.results.model_statistics())\n",
    "print(mymodel.results.benchmark())"
   ]
  },
  {
   "cell_type": "code",
   "execution_count": 4,
   "metadata": {},
   "outputs": [
    {
     "data": {
      "text/html": [
       "<div>\n",
       "<style scoped>\n",
       "    .dataframe tbody tr th:only-of-type {\n",
       "        vertical-align: middle;\n",
       "    }\n",
       "\n",
       "    .dataframe tbody tr th {\n",
       "        vertical-align: top;\n",
       "    }\n",
       "\n",
       "    .dataframe thead th {\n",
       "        text-align: right;\n",
       "    }\n",
       "</style>\n",
       "<table border=\"1\" class=\"dataframe\">\n",
       "  <thead>\n",
       "    <tr style=\"text-align: right;\">\n",
       "      <th></th>\n",
       "      <th>asc_walk</th>\n",
       "      <th>asc_cycle</th>\n",
       "      <th>asc_pt</th>\n",
       "      <th>asc_drive</th>\n",
       "      <th>b_cost</th>\n",
       "      <th>b_time</th>\n",
       "      <th>b_purpose</th>\n",
       "      <th>b_licence</th>\n",
       "    </tr>\n",
       "  </thead>\n",
       "  <tbody>\n",
       "    <tr>\n",
       "      <th>asc_walk</th>\n",
       "      <td>1.000000</td>\n",
       "      <td>-0.280101</td>\n",
       "      <td>0.135681</td>\n",
       "      <td>-0.552629</td>\n",
       "      <td>0.048806</td>\n",
       "      <td>-0.644047</td>\n",
       "      <td>0.432693</td>\n",
       "      <td>0.307922</td>\n",
       "    </tr>\n",
       "    <tr>\n",
       "      <th>asc_cycle</th>\n",
       "      <td>-0.280101</td>\n",
       "      <td>1.000000</td>\n",
       "      <td>-0.352942</td>\n",
       "      <td>-0.504412</td>\n",
       "      <td>0.127388</td>\n",
       "      <td>0.034619</td>\n",
       "      <td>0.253905</td>\n",
       "      <td>0.132023</td>\n",
       "    </tr>\n",
       "    <tr>\n",
       "      <th>asc_pt</th>\n",
       "      <td>0.135681</td>\n",
       "      <td>-0.352942</td>\n",
       "      <td>1.000000</td>\n",
       "      <td>-0.291221</td>\n",
       "      <td>-0.185575</td>\n",
       "      <td>0.244719</td>\n",
       "      <td>0.456596</td>\n",
       "      <td>0.264711</td>\n",
       "    </tr>\n",
       "    <tr>\n",
       "      <th>asc_drive</th>\n",
       "      <td>-0.552629</td>\n",
       "      <td>-0.504412</td>\n",
       "      <td>-0.291221</td>\n",
       "      <td>1.000000</td>\n",
       "      <td>-0.055131</td>\n",
       "      <td>0.317590</td>\n",
       "      <td>-0.773213</td>\n",
       "      <td>-0.476612</td>\n",
       "    </tr>\n",
       "    <tr>\n",
       "      <th>b_cost</th>\n",
       "      <td>0.048806</td>\n",
       "      <td>0.127388</td>\n",
       "      <td>-0.185575</td>\n",
       "      <td>-0.055131</td>\n",
       "      <td>1.000000</td>\n",
       "      <td>-0.017778</td>\n",
       "      <td>-0.025673</td>\n",
       "      <td>-0.055515</td>\n",
       "    </tr>\n",
       "    <tr>\n",
       "      <th>b_time</th>\n",
       "      <td>-0.644047</td>\n",
       "      <td>0.034619</td>\n",
       "      <td>0.244719</td>\n",
       "      <td>0.317590</td>\n",
       "      <td>-0.017778</td>\n",
       "      <td>1.000000</td>\n",
       "      <td>-0.091057</td>\n",
       "      <td>-0.143249</td>\n",
       "    </tr>\n",
       "    <tr>\n",
       "      <th>b_purpose</th>\n",
       "      <td>0.432693</td>\n",
       "      <td>0.253905</td>\n",
       "      <td>0.456596</td>\n",
       "      <td>-0.773213</td>\n",
       "      <td>-0.025673</td>\n",
       "      <td>-0.091057</td>\n",
       "      <td>1.000000</td>\n",
       "      <td>0.026699</td>\n",
       "    </tr>\n",
       "    <tr>\n",
       "      <th>b_licence</th>\n",
       "      <td>0.307922</td>\n",
       "      <td>0.132023</td>\n",
       "      <td>0.264711</td>\n",
       "      <td>-0.476612</td>\n",
       "      <td>-0.055515</td>\n",
       "      <td>-0.143249</td>\n",
       "      <td>0.026699</td>\n",
       "      <td>1.000000</td>\n",
       "    </tr>\n",
       "  </tbody>\n",
       "</table>\n",
       "</div>"
      ],
      "text/plain": [
       "           asc_walk  asc_cycle    asc_pt  asc_drive    b_cost    b_time  b_purpose  b_licence\n",
       "asc_walk   1.000000  -0.280101  0.135681  -0.552629  0.048806 -0.644047   0.432693   0.307922\n",
       "asc_cycle -0.280101   1.000000 -0.352942  -0.504412  0.127388  0.034619   0.253905   0.132023\n",
       "asc_pt     0.135681  -0.352942  1.000000  -0.291221 -0.185575  0.244719   0.456596   0.264711\n",
       "asc_drive -0.552629  -0.504412 -0.291221   1.000000 -0.055131  0.317590  -0.773213  -0.476612\n",
       "b_cost     0.048806   0.127388 -0.185575  -0.055131  1.000000 -0.017778  -0.025673  -0.055515\n",
       "b_time    -0.644047   0.034619  0.244719   0.317590 -0.017778  1.000000  -0.091057  -0.143249\n",
       "b_purpose  0.432693   0.253905  0.456596  -0.773213 -0.025673 -0.091057   1.000000   0.026699\n",
       "b_licence  0.307922   0.132023  0.264711  -0.476612 -0.055515 -0.143249   0.026699   1.000000"
      ]
     },
     "execution_count": 4,
     "metadata": {},
     "output_type": "execute_result"
    }
   ],
   "source": [
    "mymodel.results.model_correlation_matrix()"
   ]
  },
  {
   "cell_type": "code",
   "execution_count": 5,
   "metadata": {},
   "outputs": [
    {
     "data": {
      "text/html": [
       "<div>\n",
       "<style scoped>\n",
       "    .dataframe tbody tr th:only-of-type {\n",
       "        vertical-align: middle;\n",
       "    }\n",
       "\n",
       "    .dataframe tbody tr th {\n",
       "        vertical-align: top;\n",
       "    }\n",
       "\n",
       "    .dataframe thead th {\n",
       "        text-align: right;\n",
       "    }\n",
       "</style>\n",
       "<table border=\"1\" class=\"dataframe\">\n",
       "  <thead>\n",
       "    <tr style=\"text-align: right;\">\n",
       "      <th></th>\n",
       "      <th>asc_walk</th>\n",
       "      <th>asc_cycle</th>\n",
       "      <th>asc_pt</th>\n",
       "      <th>asc_drive</th>\n",
       "      <th>b_cost</th>\n",
       "      <th>b_time</th>\n",
       "      <th>b_purpose</th>\n",
       "      <th>b_licence</th>\n",
       "    </tr>\n",
       "  </thead>\n",
       "  <tbody>\n",
       "    <tr>\n",
       "      <th>asc_walk</th>\n",
       "      <td>1.000000</td>\n",
       "      <td>-0.293871</td>\n",
       "      <td>0.117477</td>\n",
       "      <td>-0.562943</td>\n",
       "      <td>-0.000814</td>\n",
       "      <td>-0.697216</td>\n",
       "      <td>0.428137</td>\n",
       "      <td>0.326825</td>\n",
       "    </tr>\n",
       "    <tr>\n",
       "      <th>asc_cycle</th>\n",
       "      <td>-0.293871</td>\n",
       "      <td>1.000000</td>\n",
       "      <td>-0.336329</td>\n",
       "      <td>-0.469281</td>\n",
       "      <td>0.134867</td>\n",
       "      <td>0.066255</td>\n",
       "      <td>0.244732</td>\n",
       "      <td>0.094938</td>\n",
       "    </tr>\n",
       "    <tr>\n",
       "      <th>asc_pt</th>\n",
       "      <td>0.117477</td>\n",
       "      <td>-0.336329</td>\n",
       "      <td>1.000000</td>\n",
       "      <td>-0.319792</td>\n",
       "      <td>-0.091988</td>\n",
       "      <td>0.329933</td>\n",
       "      <td>0.442212</td>\n",
       "      <td>0.340376</td>\n",
       "    </tr>\n",
       "    <tr>\n",
       "      <th>asc_drive</th>\n",
       "      <td>-0.562943</td>\n",
       "      <td>-0.469281</td>\n",
       "      <td>-0.319792</td>\n",
       "      <td>1.000000</td>\n",
       "      <td>-0.068285</td>\n",
       "      <td>0.297494</td>\n",
       "      <td>-0.767246</td>\n",
       "      <td>-0.507462</td>\n",
       "    </tr>\n",
       "    <tr>\n",
       "      <th>b_cost</th>\n",
       "      <td>-0.000814</td>\n",
       "      <td>0.134867</td>\n",
       "      <td>-0.091988</td>\n",
       "      <td>-0.068285</td>\n",
       "      <td>1.000000</td>\n",
       "      <td>0.084258</td>\n",
       "      <td>0.021834</td>\n",
       "      <td>-0.088769</td>\n",
       "    </tr>\n",
       "    <tr>\n",
       "      <th>b_time</th>\n",
       "      <td>-0.697216</td>\n",
       "      <td>0.066255</td>\n",
       "      <td>0.329933</td>\n",
       "      <td>0.297494</td>\n",
       "      <td>0.084258</td>\n",
       "      <td>1.000000</td>\n",
       "      <td>-0.080324</td>\n",
       "      <td>-0.134044</td>\n",
       "    </tr>\n",
       "    <tr>\n",
       "      <th>b_purpose</th>\n",
       "      <td>0.428137</td>\n",
       "      <td>0.244732</td>\n",
       "      <td>0.442212</td>\n",
       "      <td>-0.767246</td>\n",
       "      <td>0.021834</td>\n",
       "      <td>-0.080324</td>\n",
       "      <td>1.000000</td>\n",
       "      <td>0.047370</td>\n",
       "    </tr>\n",
       "    <tr>\n",
       "      <th>b_licence</th>\n",
       "      <td>0.326825</td>\n",
       "      <td>0.094938</td>\n",
       "      <td>0.340376</td>\n",
       "      <td>-0.507462</td>\n",
       "      <td>-0.088769</td>\n",
       "      <td>-0.134044</td>\n",
       "      <td>0.047370</td>\n",
       "      <td>1.000000</td>\n",
       "    </tr>\n",
       "  </tbody>\n",
       "</table>\n",
       "</div>"
      ],
      "text/plain": [
       "           asc_walk  asc_cycle    asc_pt  asc_drive    b_cost    b_time  b_purpose  b_licence\n",
       "asc_walk   1.000000  -0.293871  0.117477  -0.562943 -0.000814 -0.697216   0.428137   0.326825\n",
       "asc_cycle -0.293871   1.000000 -0.336329  -0.469281  0.134867  0.066255   0.244732   0.094938\n",
       "asc_pt     0.117477  -0.336329  1.000000  -0.319792 -0.091988  0.329933   0.442212   0.340376\n",
       "asc_drive -0.562943  -0.469281 -0.319792   1.000000 -0.068285  0.297494  -0.767246  -0.507462\n",
       "b_cost    -0.000814   0.134867 -0.091988  -0.068285  1.000000  0.084258   0.021834  -0.088769\n",
       "b_time    -0.697216   0.066255  0.329933   0.297494  0.084258  1.000000  -0.080324  -0.134044\n",
       "b_purpose  0.428137   0.244732  0.442212  -0.767246  0.021834 -0.080324   1.000000   0.047370\n",
       "b_licence  0.326825   0.094938  0.340376  -0.507462 -0.088769 -0.134044   0.047370   1.000000"
      ]
     },
     "execution_count": 5,
     "metadata": {},
     "output_type": "execute_result"
    }
   ],
   "source": [
    "mymodel.results.model_robust_correlation_matrix()"
   ]
  },
  {
   "cell_type": "code",
   "execution_count": 6,
   "metadata": {},
   "outputs": [
    {
     "name": "stdout",
     "output_type": "stream",
     "text": [
      "[[1.80567578e-02 3.05286975e-02 6.26281492e-01 ... 2.81683831e-01\n",
      "  3.87216158e-05 1.72337572e-02]\n",
      " [2.60410609e-02 1.53577255e-02 1.89343256e-02 ... 1.44192382e-02\n",
      "  5.00436906e-03 3.04698077e-02]\n",
      " [1.14326381e-01 1.28087412e-01 2.64089815e-01 ... 1.75316592e-01\n",
      "  1.17122232e-02 1.82897697e-01]\n",
      " [8.41575801e-01 8.26026165e-01 9.06943682e-02 ... 5.28580339e-01\n",
      "  9.83244686e-01 7.69398738e-01]]\n",
      "(array([0, 2, 3], dtype=int64), array([172, 277, 548], dtype=int64))\n"
     ]
    }
   ],
   "source": [
    "# predictions\n",
    "import numpy as np\n",
    "\n",
    "print(mymodel.predict(ds, return_probabilities=True))\n",
    "print(np.unique(mymodel.predict(ds), return_counts=True))"
   ]
  },
  {
   "cell_type": "code",
   "execution_count": 16,
   "metadata": {},
   "outputs": [
    {
     "name": "stdout",
     "output_type": "stream",
     "text": [
      "{'cost_driving_ccharge': 0.02792494930297881, 'cost_driving_fuel': 0.05899724934516689, 'cost_transit': 0.08807805485672658, 'driving_license': -0.5027457331547718, 'dur_cycling': 0.042118262595310665, 'dur_driving': 0.6648665078717327, 'dur_pt_bus': 0.2265343396824839, 'dur_pt_int': 0.07984930746890476, 'dur_pt_rail': 0.24670929798759528, 'dur_walking': -5.569327872800329, 'purpose': -0.38940586051010107} \n",
      "\n",
      "{'cost_driving_ccharge': 0.02792494930297881, 'cost_driving_fuel': 0.05899724934516689, 'cost_transit': 0.08807805485672658, 'driving_license': -0.5027457331547718, 'dur_cycling': -1.8451916670887203, 'dur_driving': 0.6648665078717327, 'dur_pt_bus': 0.2265343396824839, 'dur_pt_int': 0.07984930746890476, 'dur_pt_rail': 0.24670929798759528, 'dur_walking': 0.33477576059394343, 'purpose': -0.3894058605101011} \n",
      "\n",
      "{'cost_driving_ccharge': 0.02792494930297881, 'cost_driving_fuel': 0.05899724934516689, 'cost_transit': -0.14813309845649789, 'driving_license': -0.5027457331547718, 'dur_cycling': 0.042118262595310665, 'dur_driving': 0.6648665078717327, 'dur_pt_bus': -0.63567640139591, 'dur_pt_int': -0.15827493253076463, 'dur_pt_rail': -0.22238840421892037, 'dur_walking': 0.33477576059394343, 'purpose': -0.3894058605101011} \n",
      "\n",
      "{'cost_driving_ccharge': -0.1585914866358906, 'cost_driving_fuel': -0.06298457024881438, 'cost_transit': 0.08807805485672658, 'driving_license': 0.4083137722191331, 'dur_cycling': 0.042118262595310665, 'dur_driving': -0.7976789430022693, 'dur_pt_bus': 0.2265343396824839, 'dur_pt_int': 0.07984930746890477, 'dur_pt_rail': 0.24670929798759528, 'dur_walking': 0.33477576059394343, 'purpose': 0.4430162481907717} \n",
      "\n"
     ]
    }
   ],
   "source": [
    "for i in range(4):\n",
    "\tdisaggregate_elas = mymodel.elasticities(ds, wrt_choice=i)\n",
    "\tprint({key: np.mean(val) for key, val in disaggregate_elas.items()},\"\\n\")"
   ]
  },
  {
   "cell_type": "code",
   "execution_count": 18,
   "metadata": {},
   "outputs": [
    {
     "data": {
      "text/plain": [
       "{'cost_driving_ccharge': array([0., 0., 0., ..., 0., 0., 0.]),\n",
       " 'cost_driving_fuel': array([0.1779077 , 0.07665254, 0.02508586, ..., 0.02933367, 0.09876555,\n",
       "        0.00742067]),\n",
       " 'cost_transit': array([0.06303109, 0.15875646, 0.18932612, ..., 0.04971353, 0.03930586,\n",
       "        0.11419528]),\n",
       " 'driving_license': array([-1.23773298, -0.7475947 , -0.        , ..., -0.90034914,\n",
       "        -1.30467349, -0.        ]),\n",
       " 'dur_cycling': array([-3.6340882 , -2.33553568, -2.39725913, ..., -0.76680377,\n",
       "        -1.56410125, -0.6005098 ]),\n",
       " 'dur_driving': array([1.0471056 , 1.07976701, 0.26601209, ..., 0.41956413, 0.94588359,\n",
       "        0.08616611]),\n",
       " 'dur_pt_bus': array([0.28704319, 0.        , 0.        , ..., 0.16901989, 0.03877228,\n",
       "        0.22829397]),\n",
       " 'dur_pt_int': array([0.09948067, 0.        , 0.        , ..., 0.        , 0.0697901 ,\n",
       "        0.        ]),\n",
       " 'dur_pt_rail': array([0.        , 0.31320259, 0.46139709, ..., 0.        , 0.04652673,\n",
       "        0.        ]),\n",
       " 'dur_walking': array([0.00300486, 0.06247723, 0.06131109, ..., 0.37687357, 0.03283939,\n",
       "        0.72585327]),\n",
       " 'purpose': array([-0.24680501, -0.7453551 , -0.16312835, ..., -0.53859115,\n",
       "        -1.30076503, -0.04411902])}"
      ]
     },
     "execution_count": 18,
     "metadata": {},
     "output_type": "execute_result"
    }
   ],
   "source": [
    "mymodel.elasticities(ds, wrt_choice=1)"
   ]
  }
 ],
 "metadata": {
  "kernelspec": {
   "display_name": "pycmtensor-dev",
   "language": "python",
   "name": "python3"
  },
  "language_info": {
   "codemirror_mode": {
    "name": "ipython",
    "version": 3
   },
   "file_extension": ".py",
   "mimetype": "text/x-python",
   "name": "python",
   "nbconvert_exporter": "python",
   "pygments_lexer": "ipython3",
   "version": "3.11.4"
  },
  "orig_nbformat": 4
 },
 "nbformat": 4,
 "nbformat_minor": 2
}
